"B"	"cDC1"	"cDC2"	"eos"	"mon"	"neu"	"pDC"	"mye"	"mouse"	"treatment"	"exp"
9.73356724502159	11.0855744282819	11.238792526295	6.18517224751393	6.30648882626266	10.1458256681247	12.6140227816714	9.10887678656202	"1127"	"PBS"	"DL191_noE"
14.3729303688609	0	0	0	2.62909397579179	4.35191813642623	2.68424174184234	3.43773298905029	"1127"	"PBS"	"DL191_noE"
6.50635017385919	0	0	0	0	0	0	0	"1127"	"PBS"	"DL191_noE"
0	0	4.1601013565962	0	0	0	2.28452643620207	0	"1127"	"PBS"	"DL191_noE"
0	0	0	1.97767211133452	0	0	0	0.984397043545279	"1127"	"PBS"	"DL191_noE"
0	0	0	0	0	1.9306694413751	2.28452643620207	0.984397043545279	"1127"	"PBS"	"DL191_noE"
0	0	1.59887969218964	0	0	0	0	0	"1127"	"PBS"	"DL191_noE"
0	0	0	0	0	3.78172653072109	2.83715924380395	2.71024691061371	"1127"	"PBS"	"DL191_noE"
0	0	8.35455037187823	0	0	0	8.88109252805969	0	"1127"	"PBS"	"DL191_noE"
0	0	6.10577290222144	0	0	0	3.59661232574285	0	"1127"	"PBS"	"DL191_noE"
0	0	4.90712685058454	0	0	0	2.28452643620207	0	"1127"	"PBS"	"DL191_noE"
0	0	0	0	4.49580229150802	3.92469822320206	0	3.85488336641235	"1127"	"PBS"	"DL191_noE"
0	9.40995172961599	11.5661411554724	0	0	2.829190131248	9.19724093304504	1.77919867785852	"1127"	"PBS"	"DL191_noE"
6.85624430752244	0	0	0	3.31833508447739	0	8.89217576451416	2.23188991143403	"1127"	"PBS"	"DL191_noE"
2.89847147421414	0	0	0	0	0	3.3738909990098	0	"1127"	"PBS"	"DL191_noE"
0	9.89056572704417	0	0	0	0	0	0	"1127"	"PBS"	"DL191_noE"
0	0	2.26123682052313	0	0	0	0	0	"1127"	"PBS"	"DL191_noE"
0	0	4.87141281579168	0	0	0	0	0	"1127"	"PBS"	"DL191_noE"
0	0	0	0	0	2.3244877505039	0	1.31437960677317	"1127"	"PBS"	"DL191_noE"
5.60349380958197	13.7605559032018	12.6622681685942	6.96897043854434	8.18839614114807	10.6903462534101	11.6340495617932	9.71320388539504	"1127"	"PBS"	"DL191_noE"
0	1.60332827737531	0	0	0	0	0	0	"1127"	"PBS"	"DL191_noE"
0	0	1.59887969218964	0	0	0	0	0	"1127"	"PBS"	"DL191_noE"
8.96559023977984	0	3.35015884286264	14.0837146116021	13.9485630969672	13.744783600405	11.3274694146716	13.9325518389061	"1127"	"PBS"	"DL191_noE"
9.55728477495012	12.1795091027068	12.0612762704521	11.3270449677728	12.8522868741383	13.258634511622	12.1154506977874	12.7654681061062	"1127"	"PBS"	"DL191_noE"
9.5728283074015	0	0	0	0	0	0	0	"1127"	"PBS"	"DL191_noE"
6.28826261351505	10.6030868672915	5.64315695105607	0	0	3.41456492070762	13.5346378550578	2.34727441492692	"1127"	"PBS"	"DL191_noE"
2.21428611366479	0	0	0	0	3.41456492070762	0	2.34727441492692	"1127"	"PBS"	"DL191_noE"
0	10.8050918286312	0	0	0	0	0	0	"1127"	"PBS"	"DL191_noE"
7.80255511416214	0	0	0	0	0	0	0	"1127"	"PBS"	"DL191_noE"
0	0	0	0	0	0	2.83715924380395	0	"1127"	"PBS"	"DL191_noE"
0	10.7471190153027	8.56250373885597	0	3.43584313799085	6.32824893390657	11.8148272157738	5.30567338218549	"1127"	"PBS"	"DL191_noE"
0	0	4.69274624738513	0	3.31833508447739	5.31062691331628	0	4.36053360456977	"1127"	"PBS"	"DL191_noE"
4.91038736291708	0	0	0	0	5.70490541473805	0	4.62959437988433	"1127"	"PBS"	"DL191_noE"
0	0	0	0	0	1.9306694413751	0	0.984397043545279	"1127"	"PBS"	"DL191_noE"
0	0	0	0	0	4.04977502468105	0	2.97667661266444	"1127"	"PBS"	"DL191_noE"
0	0	0	0	4.90119826202701	0	0	3.80492009307071	"1127"	"PBS"	"DL191_noE"
8.14113753054323	0	0	13.1950054389343	13.0294255472564	12.8526215502933	10.1195205799746	13.0326349340267	"1127"	"PBS"	"DL191_noE"
0	0	0	0	0	0	2.5039553916313	0	"1127"	"PBS"	"DL191_noE"
0	0	0	0	0	3.92469822320206	0	2.85224948002361	"1127"	"PBS"	"DL191_noE"
0	1.60332827737531	0	0	0	0	0	0	"1127"	"PBS"	"DL191_noE"
0	0	0	0	0	4.30748179998497	0	3.23346043848211	"1127"	"PBS"	"DL191_noE"
9.23092745470278	11.51012014626	11.1717061057157	0	3.87706768208815	6.46853379395789	11.1615846131359	5.46389070486237	"1127"	"PBS"	"DL191_noE"
0	10.084174626674	9.76088266224597	0	0	3.01044787332961	10.4525328713281	1.95295028826848	"1127"	"PBS"	"DL191_noE"
6.49274458336738	0	0	6.3021430391329	0	0	0	5.17784718711518	"1127"	"PBS"	"DL191_noE"
3.90743471012058	0	0	0	0	4.61755289905253	0	3.5428974144564	"1127"	"PBS"	"DL191_noE"
0	0	0	0	0	0	2.00473218441495	0	"1127"	"PBS"	"DL191_noE"
0	6.44479833876853	7.03780778931332	0	0	0	8.35403779228859	0	"1127"	"PBS"	"DL191_noE"
0	2.66545756869908	0	0	0	0	0	0	"1127"	"PBS"	"DL191_noE"
0	0	0	0	0	0	2.00473218441495	0	"1127"	"PBS"	"DL191_noE"
0	0	0	0	0	0	1.62084034661062	0	"1127"	"PBS"	"DL191_noE"
7.78389786290787	0	0	0	0	0	7.81928214777045	0	"1127"	"PBS"	"DL191_noE"
0	11.3485261913173	11.8551440649815	10.7717727546489	0	5.6229902657944	10.5144896580121	9.6535274983533	"1127"	"PBS"	"DL191_noE"
10.4031201081488	12.1018466110329	13.3603722582722	9.85507295868405	9.66178162412083	10.6189527238278	12.3187226649088	10.1421120449368	"1127"	"PBS"	"DL191_noE"
0	0	0	0	0	5.56007819148637	0	4.48479542324797	"1127"	"PBS"	"DL191_noE"
0	0	0	0	0	1.9306694413751	0	0.984397043545279	"1127"	"PBS"	"DL191_noE"
0	0	4.83437605869974	0	0	0	1.62084034661062	0	"1127"	"PBS"	"DL191_noE"
0	0	0	0	0	0	2.00473218441495	0	"1127"	"PBS"	"DL191_noE"
0	0	0	0	0	2.60799615421089	0	1.57128817064123	"1127"	"PBS"	"DL191_noE"
0	0	0	7.95974925961034	4.82116515765393	0	0	6.87901632682537	"1127"	"PBS"	"DL191_noE"
11.351811081566	0	0	0	0	0	0	0	"1127"	"PBS"	"DL191_noE"
0	0	0	0	0	0	2.96988781402871	0	"1127"	"PBS"	"DL191_noE"
0	12.3151514890935	13.0259378899286	0	3.87706768208815	3.61487819166804	9.04259776739397	3.36094358705648	"1127"	"PBS"	"DL191_noE"
4.34251812394698	0	0	0	0	5.10811482946505	0	4.03299715920213	"1127"	"PBS"	"DL191_noE"
0	0	3.16837761209963	0	0	2.3244877505039	0	1.31437960677317	"1127"	"PBS"	"DL191_noE"
10.6998853910082	0	0	0	0	0	0	0	"1127"	"PBS"	"DL191_noE"
0	9.47916588669193	0	0	0	0	0	0	"1127"	"PBS"	"DL191_noE"
9.49767865665518	0	0	0	0	0	0	0	"1127"	"PBS"	"DL191_noE"
0	0	0	0	0	1.9306694413751	0	0.984397043545279	"1127"	"PBS"	"DL191_noE"
0	0	0	0	0	0	1.62084034661062	0	"1127"	"PBS"	"DL191_noE"
8.002889620027	0	0	0	0	0	0	0	"1127"	"PBS"	"DL191_noE"
0	0	5.45915888793742	0	1.95113136783201	4.79984464929398	0	3.77897101734664	"1127"	"PBS"	"DL191_noE"
0	0	2.64136190211922	0	0	0	3.67266552305834	0	"1126"	"PBS"	"DL191_noE"
0	10.7619522188328	0	0	0	0	0	0	"1126"	"PBS"	"DL191_noE"
11.1693402244996	0	0	0	0	0	0	0	"1126"	"PBS"	"DL191_noE"
4.98820051762584	0	0	0	0	0	0	0	"1126"	"PBS"	"DL191_noE"
0	0	0	0	0	0	3.60376809867278	0	"1126"	"PBS"	"DL191_noE"
10.9202069901961	0	2.92682598155532	0	0	0	8.00538128898294	0	"1126"	"PBS"	"DL191_noE"
6.65941101921168	0	0	0	0	0	0	0	"1126"	"PBS"	"DL191_noE"
0	0	0	0	0	0	3.26800592034995	0	"1126"	"PBS"	"DL191_noE"
0	11.4920426054585	11.9519612710523	9.32743883455065	3.67787377532249	4.94872869738311	0	8.2637667342414	"1126"	"PBS"	"DL191_noE"
7.18698819271058	0	0	0	0	0	0	0	"1126"	"PBS"	"DL191_noE"
7.3498284549132	0	9.19257515296861	10.168256484376	10.4935792912552	5.12391791745519	11.8945375489672	9.96088372263369	"1126"	"PBS"	"DL191_noE"
6.21363704981329	9.79477586571172	10.5689316083219	0	0	0	9.29386881531486	0	"1126"	"PBS"	"DL191_noE"
0	5.09448983182878	0	0	0	0	0	0	"1126"	"PBS"	"DL191_noE"
0	10.4188909807056	0	0	0	0	0	0	"1126"	"PBS"	"DL191_noE"
0	0	0	2.83337505801146	3.34201393773376	4.70952987022418	0	3.92994967062599	"1126"	"PBS"	"DL191_noE"
7.04931428275597	0	0	10.5879586218514	11.2755981865596	12.5799655898797	7.49921109125669	11.8005724935786	"1126"	"PBS"	"DL191_noE"
0	11.0596259243794	10.945701125878	8.33456383004767	0	4.7874796946323	0	7.28244296048077	"1126"	"PBS"	"DL191_noE"
6.99627163109307	0	0	0	0	0	0	0	"1126"	"PBS"	"DL191_noE"
0	12.2438546887241	12.6310600943803	0	7.31482126426124	8.59351706027687	12.8403081697112	7.7133246085714	"1126"	"PBS"	"DL191_noE"
6.50025297761394	0	0	0	0	0	8.45002217747212	0	"1126"	"PBS"	"DL191_noE"
6.67025119852121	0	0	0	0	3.8070745352328	0	2.67210909441973	"1126"	"PBS"	"DL191_noE"
5.38879737805035	10.7044922802414	10.8959010970018	13.6048686998063	13.1173082537386	9.84889707314509	13.366570651397	13.0183140181581	"1126"	"PBS"	"DL191_noE"
2.55189914986693	0	0	0	0	0	0	0	"1126"	"PBS"	"DL191_noE"
0	0	4.06368212832105	0	0	0	4.79267964033689	0	"1126"	"PBS"	"DL191_noE"
0	0	0	0	0	0	4.09973856476621	0	"1126"	"PBS"	"DL191_noE"
6.12933067943133	0	3.61782034165897	0	0	0	3.96006520837685	0	"1126"	"PBS"	"DL191_noE"
0	8.2703486466509	0	0	0	0	0	0	"1126"	"PBS"	"DL191_noE"
5.11079273181398	0	0	0	0	0	2.07836439216241	0	"1126"	"PBS"	"DL191_noE"
13.8624458461899	0	0	0	0	3.8070745352328	9.53052414008257	2.67210909441973	"1126"	"PBS"	"DL191_noE"
4.94375307669147	0	0	0	0	0	0	0	"1126"	"PBS"	"DL191_noE"
0	0	0	0	0	0	7.52923477242223	0	"1126"	"PBS"	"DL191_noE"
0	0	0	0	6.08160766777337	9.38580755484395	0	8.28482014070129	"1126"	"PBS"	"DL191_noE"
1.87639158352057	0	0	0	0	0	0	0	"1126"	"PBS"	"DL191_noE"
0	0	3.14893791201564	0	0	0	4.54760066155332	0	"1126"	"PBS"	"DL191_noE"
0	0	2.79416931745719	0	0	0	2.07836439216241	0	"1126"	"PBS"	"DL191_noE"
6.99432421407794	0	0	0	0	0	0	0	"1126"	"PBS"	"DL191_noE"
7.0344441430203	10.2313656840781	2.24215412163197	0	1.7612921307302	0	9.32777840628119	0.85286955364156	"1126"	"PBS"	"DL191_noE"
0	0	0	13.0892346184464	12.5559311217351	9.80502115697983	9.93656018447022	12.4939680752402	"1126"	"PBS"	"DL191_noE"
1.87639158352057	0	0	0	0	0	0	0	"1126"	"PBS"	"DL191_noE"
0	11.1686085120612	0	0	0	0	0	0	"1126"	"PBS"	"DL191_noE"
0	0	0	0	0	0	2.07836439216241	0	"1126"	"PBS"	"DL191_noE"
0	8.40423993030801	6.75530891471958	0	0	0	7.2462367689117	0	"1126"	"PBS"	"DL191_noE"
0	9.2005095677162	10.9446748321454	6.08158083979591	0	0	7.8002289589406	5.00274203944852	"1126"	"PBS"	"DL191_noE"
0	10.4031466230061	11.1293757795292	8.48239919601764	0	0	0	7.4035207903805	"1126"	"PBS"	"DL191_noE"
5.28667261043659	0	0	0	0	0	4.57499365329476	0	"1126"	"PBS"	"DL191_noE"
0	0	0	0	0	0	2.91283485249422	0	"1126"	"PBS"	"DL191_noE"
0	1.75736400367351	0	0	0	2.71238452345975	0	1.60952446478425	"1126"	"PBS"	"DL191_noE"
0	1.75736400367351	0	0	0	0	0	0	"1126"	"PBS"	"DL191_noE"
5.49899639164684	0	9.7595401898926	10.4067758554938	11.7143854318398	11.5892492995794	8.71415370309175	11.3779744637293	"1126"	"PBS"	"DL191_noE"
8.12930339278632	0	0	0	0	4.94872869738311	0	3.80991012200071	"1126"	"PBS"	"DL191_noE"
10.1397687605345	0	0	0	0	0	0	0	"1126"	"PBS"	"DL191_noE"
0	0	0	0	3.43710724936851	7.13401286054044	0	6.02073458344866	"1126"	"PBS"	"DL191_noE"
0	0	1.58092795354992	0	0	0	0	0	"1126"	"PBS"	"DL191_noE"
2.70444433937686	0	0	0	0	0	0	0	"1126"	"PBS"	"DL191_noE"
0	0	11.0587498840185	7.34076990000168	0	0	0	6.26189438467385	"1126"	"PBS"	"DL191_noE"
3.52749970604024	0	2.24215412163197	0	0	0	2.35923284391541	0	"1126"	"PBS"	"DL191_noE"
0	9.03837481744698	0	0	3.34201393773376	0	0	2.2725331210731	"1126"	"PBS"	"DL191_noE"
0	0	0	6.45868795793292	0	0	0	5.37982800870097	"1126"	"PBS"	"DL191_noE"
0	0	0	0	0	0	1.69164172808288	0	"1126"	"PBS"	"DL191_noE"
5.52474804763402	0	0	0	0	0	0	0	"1126"	"PBS"	"DL191_noE"
7.00595223273989	8.92196859276485	0	10.9487626164257	11.5837292748493	12.8612573184627	0	12.0956084107519	"1126"	"PBS"	"DL191_noE"
2.55189914986693	0	0	0	0	0	0	0	"1126"	"PBS"	"DL191_noE"
0	0	0	1.76126684118758	0	0	0	0.85286955364156	"1126"	"PBS"	"DL191_noE"
4.58279350683258	0	0	7.53190463048265	5.54905197953184	9.49174680928163	0	8.50970633567498	"1126"	"PBS"	"DL191_noE"
0	0	0	0	3.60386779671378	0	0	2.53057950823039	"1126"	"PBS"	"DL191_noE"
4.12160643025882	0	0	10.4963660639116	12.8477346998443	11.3505250189344	0	12.035713975625	"1126"	"PBS"	"DL191_noE"
0	0	9.61479473775048	0	0	0	7.56791360550886	0	"1126"	"PBS"	"DL191_noE"
3.58802584554587	0	1.96304103843313	0	0	0	1.69164172808288	0	"1126"	"PBS"	"DL191_noE"
8.16620794353936	0	0	0	0	0	0	0	"1126"	"PBS"	"DL191_noE"
0	8.45458818910885	0	0	0	0	0	0	"1126"	"PBS"	"DL191_noE"
9.27682510635022	0	0	10.6818305210157	4.8224317252544	8.20349631516784	0	9.68159709723398	"1126"	"PBS"	"DL191_noE"
4.70537308967301	0	0	0	0	0	3.60376809867278	0	"1126"	"PBS"	"DL191_noE"
7.7760241270865	11.8764488053643	12.762374681881	8.99952072060237	8.62142488867237	11.7947845901707	10.0062462028221	10.7593166250468	"1126"	"PBS"	"DL191_noE"
5.97980059913208	0	0	0	0	0	0	0	"1126"	"PBS"	"DL191_noE"
6.86773079105811	0	0	0	0	0	0	0	"1126"	"PBS"	"DL191_noE"
5.00258793650709	0	0	0	0	0	0	0	"1126"	"PBS"	"DL191_noE"
1.49842880922025	0	0	0	0	0	0	0	"1126"	"PBS"	"DL191_noE"
0	0	2.46125627554904	0	0	0	0	0	"1126"	"PBS"	"DL191_noE"
0	0	0	8.06989186025595	8.0502927279686	4.53263361557054	0	7.68812780370762	"1126"	"PBS"	"DL191_noE"
7.52254103195169	0	3.61782034165897	0	0	3.17970422255288	12.0758202190534	2.05524888300772	"1126"	"PBS"	"DL191_noE"
6.75298545263039	8.57516172912015	0	0	0	0	11.6247051724402	0	"1126"	"PBS"	"DL191_noE"
0	0	0	0	2.15043900197873	0	0	1.16109071927198	"1126"	"PBS"	"DL191_noE"
6.6205173610193	10.1251155240199	0	0	0	0	9.81720628157439	0	"1126"	"PBS"	"DL191_noE"
5.19672941704406	0	2.46125627554904	0	0	0	2.07836439216241	0	"1126"	"PBS"	"DL191_noE"
0	10.7360535753701	10.1874572521396	7.81920829113005	0	2.20926815276435	0	6.74373022077264	"1126"	"PBS"	"DL191_noE"
0	0	0	0	0	0	4.29635949239365	0	"1126"	"PBS"	"DL191_noE"
0	0	2.46125627554904	0	0	0	2.35923284391541	0	"1126"	"PBS"	"DL191_noE"
6.76776400703556	0	0	9.4812664974749	11.8407077229484	13.0106215629239	12.0477261440548	12.1794741193378	"1126"	"PBS"	"DL191_noE"
0	0	10.4043807628707	0	0	4.27677749920515	0	3.13920374920601	"1126"	"PBS"	"DL191_noE"
7.31649206312476	11.8607035518645	10.8725584870301	4.72710831928078	7.2014926916594	7.82954905071983	12.1179603408752	7.16935199067147	"1126"	"PBS"	"DL191_noE"
0	0	10.2184995790346	0	0	0	8.56337088374468	0	"1126"	"PBS"	"DL191_noE"
0	0	0	2.15041289141312	0	0	0	1.16109071927198	"1126"	"PBS"	"DL191_noE"
2.55189914986693	0	0	0	0	0	0	0	"1126"	"PBS"	"DL191_noE"
9.24715293306251	8.34322166070142	0	0	0	0	8.07057574930572	0	"1126"	"PBS"	"DL191_noE"
13.5083947493869	0	0	0	0	3.0467012076741	7.52641389771299	1.92662096247757	"1126"	"PBS"	"DL191_noE"
5.21998488705932	8.40423993030801	0	0	6.5062397053305	7.73184941766761	9.6886645644399	6.86402363124013	"1126"	"PBS"	"DL191_noE"
9.26522265593629	9.48698386320274	12.2419469611827	12.9444684954881	12.7394644090858	13.0055030906505	8.83832835963137	12.9006502967021	"1126"	"PBS"	"DL191_noE"
0	13.146803638315	0	0	5.68257982351825	0	8.87639265483262	4.60376295588787	"1126"	"PBS"	"DL191_noE"
2.15389656834678	0	0	0	0	0	0	0	"1126"	"PBS"	"DL191_noE"
0	11.5788242228165	12.8859034730894	0	6.20296740004577	6.4408675880531	9.88729426050748	5.90992167960032	"1126"	"PBS"	"DL191_noE"
6.02191156773412	12.6580198022626	11.1169378937143	6.269262706312	6.20866537476756	10.2285284125877	9.65997812680717	9.12785221939709	"1126"	"PBS"	"DL191_noE"
7.76435957547881	0	0	0	0	4.49985162770206	0	3.36167238449607	"1126"	"PBS"	"DL191_noE"
3.32030397209822	0	0	0	0	0	3.52977839939742	0	"1126"	"PBS"	"DL191_noE"
2.69606113552531	0	2.31666304772763	0	0	4.11763529798321	6.23263248250938	3.0076569725756	"1125"	"PBS"	"DL191_noE"
0	0	0	0	3.10590187100561	0	0	2.04138800679869	"1125"	"PBS"	"DL191_noE"
0	0	0	0	3.47258276572324	0	0	2.40036615734917	"1125"	"PBS"	"DL191_noE"
0	0	0	0	5.31341316719137	0	7.98802056445007	4.23408839289467	"1125"	"PBS"	"DL191_noE"
0	9.50413427918426	0	8.74237827102422	4.12580635959501	4.11763529798321	0	7.65758491707782	"1125"	"PBS"	"DL191_noE"
3.56776380050081	0	3.31980242027459	0	0	4.74605423473888	0	3.63451859123271	"1125"	"PBS"	"DL191_noE"
0	3.0078649725154	2.53632220202208	0	0	0	0	0	"1125"	"PBS"	"DL191_noE"
7.14816923632795	12.9304472923071	12.7195749556004	8.97142248886147	9.44032658690251	10.6853895172318	11.8185387734825	9.96461142074551	"1125"	"PBS"	"DL191_noE"
0	0	0	3.7048144299041	3.5465581423716	2.88833030537853	0	3.43910750041071	"1125"	"PBS"	"DL191_noE"
13.0416186358501	0	0	0	0	3.71250135653281	4.65453385827301	2.60522200365265	"1125"	"PBS"	"DL191_noE"
7.25167176310847	8.72713789291597	0	0	0	0	11.7936459741774	0	"1125"	"PBS"	"DL191_noE"
0	0	8.60767893722633	9.70546901797689	4.93207336147655	7.34619669940745	0	8.69852410902098	"1125"	"PBS"	"DL191_noE"
7.69410177027149	0	0	0	0	0	8.78281758952216	0	"1125"	"PBS"	"DL191_noE"
0	0	0	0	5.97558031712405	0	7.9559620775671	4.89611916350429	"1125"	"PBS"	"DL191_noE"
2.87699513853548	0	2.31666304772763	0	0	0	7.06277413870945	0	"1125"	"PBS"	"DL191_noE"
0	0	0	0	0	0	4.69226760003112	0	"1125"	"PBS"	"DL191_noE"
0	0	0	0	0	0	3.47674401267923	0	"1125"	"PBS"	"DL191_noE"
6.89917270522974	0	0	12.599427435016	13.1637348078297	11.3539194316579	9.39165334442674	12.6225671864843	"1125"	"PBS"	"DL191_noE"
0	0	0	9.33877522294117	0	0	0	8.23431423268984	"1125"	"PBS"	"DL191_noE"
0	0	0	0	0	4.19763879256041	0	3.08733925832195	"1125"	"PBS"	"DL191_noE"
0	11.0470647029539	9.42105262203788	11.5627529025933	6.01866337061315	5.14404295342994	7.74548589577908	10.4639035508902	"1125"	"PBS"	"DL191_noE"
3.79062078682927	0	3.40660516094762	0	0	5.22980441026625	8.12736490488847	4.11788355592867	"1125"	"PBS"	"DL191_noE"
0	0	0	0	0	0	4.0357164310063	0	"1125"	"PBS"	"DL191_noE"
0	0	0	7.87859626459706	0	0	0	6.7741363745386	"1125"	"PBS"	"DL191_noE"
4.12684329673573	0	3.75436052434881	0	0	5.41667284241747	8.4351303057005	4.30467829838854	"1125"	"PBS"	"DL191_noE"
0	0	0	0	0	4.43596414040889	0	3.32496159711376	"1125"	"PBS"	"DL191_noE"
8.78144995778866	12.1539932697078	13.4416536515738	11.5421084564781	9.66366685080489	11.6170470293588	13.2100654263152	11.237963218128	"1125"	"PBS"	"DL191_noE"
10.3292148741186	0	9.79350642543975	8.01835817198799	11.2703314444214	7.70550821472645	12.1149556905784	10.253924402783	"1125"	"PBS"	"DL191_noE"
13.5190345548679	0	0	0	0	4.57700825660829	4.61532053724397	3.46572230201583	"1125"	"PBS"	"DL191_noE"
11.7256742623081	9.5698817459863	8.76209169703487	0	0	0	8.60123926119316	0	"1125"	"PBS"	"DL191_noE"
0	0	0	0	0	3.64804491385338	0	2.54143072677349	"1125"	"PBS"	"DL191_noE"
9.06788520766805	0	0	0	8.15161129257949	11.3322730398772	0	10.2621568447663	"1125"	"PBS"	"DL191_noE"
0	0	0	9.14445972508402	0	0	0	8.03999876461107	"1125"	"PBS"	"DL191_noE"
3.030306373553	0	2.71673569124623	0	0	4.57700825660829	4.65453385827301	3.46572230201583	"1125"	"PBS"	"DL191_noE"
0	0	0	0	0	3.77305793841808	0	2.66522606038827	"1125"	"PBS"	"DL191_noE"
0	0	0	0	0	0	2.78644777752711	0	"1125"	"PBS"	"DL191_noE"
0	7.60342386935349	0	8.02668461297303	0	5.41667284241747	0	6.99265339494921	"1125"	"PBS"	"DL191_noE"
0	0	0	0	0	3.50516856649702	0	2.40036615734917	"1125"	"PBS"	"DL191_noE"
0	0	8.46228189259014	0	0	0	10.191323150272	0	"1125"	"PBS"	"DL191_noE"
0	0	0	0	0	5.96320343156668	0	4.85110074749534	"1125"	"PBS"	"DL191_noE"
0	10.9556221835481	0	10.1237965319568	5.65161412462769	6.95791041631353	0	9.07151433981499	"1125"	"PBS"	"DL191_noE"
8.23432945441438	13.6187030483138	13.2746042110941	9.4768175226937	10.7345712291965	11.8043164824472	12.8154778528686	11.0656345375831	"1125"	"PBS"	"DL191_noE"
0	0	0	0	0	0	5.28819252701587	0	"1125"	"PBS"	"DL191_noE"
0	0	2.31666304772763	0	0	3.57915230304922	5.43941683828077	2.47334862193857	"1125"	"PBS"	"DL191_noE"
0	0	0	0	0	0	5.40370015171304	0	"1125"	"PBS"	"DL191_noE"
6.28056106491841	0	0	0	0	0	0	0	"1125"	"PBS"	"DL191_noE"
0	0	2.03638777102588	0	0	3.57915230304922	5.96070155528068	2.47334862193857	"1125"	"PBS"	"DL191_noE"
0	0	3.56046442018556	0	0	5.11373973061442	7.21047779483413	4.0018806050576	"1125"	"PBS"	"DL191_noE"
0	0	0	0	0	4.78953306286773	0	3.67794569961439	"1125"	"PBS"	"DL191_noE"
0	0	0	8.41879387191287	6.14842124435203	7.86097463002	0	7.82951878056225	"1125"	"PBS"	"DL191_noE"
0	0	0	0	0	3.57915230304922	5.1805679900913	2.47334862193857	"1125"	"PBS"	"DL191_noE"
0	0	3.31980242027459	0	0	5.78351285713495	4.16917463483936	4.67143375426244	"1125"	"PBS"	"DL191_noE"
0	0	0	0	0	6.88211672500197	0	5.76996818473161	"1125"	"PBS"	"DL191_noE"
0	0	0	0	0	0	4.0357164310063	0	"1125"	"PBS"	"DL191_noE"
0	8.67628761284318	0	0	0	0	0	0	"1125"	"PBS"	"DL191_noE"
0	0	2.03638777102588	0	0	5.42797195678904	0	4.3159737787079	"1125"	"PBS"	"DL191_noE"
0	0	0	0	1.63830416574726	0	0	0.764572457350255	"1125"	"PBS"	"DL191_noE"
0	10.2665466912231	10.3545625572063	6.76935189507748	3.79754446277574	3.42528236558803	8.29908951620923	5.74874765124487	"1125"	"PBS"	"DL191_noE"
0	0	0	0	0	0	3.69954380811676	0	"1125"	"PBS"	"DL191_noE"
0	0	0	7.98434129434676	0	0	0	6.87988118261555	"1125"	"PBS"	"DL191_noE"
0	0	3.00250967778589	0	0	0	0	0	"1125"	"PBS"	"DL191_noE"
7.53568581167592	0	0	0	0	6.07512002142771	9.59085223161497	4.96300640062403	"1125"	"PBS"	"DL191_noE"
0	0	0	0	5.23743124124837	0	0	4.15813695145305	"1125"	"PBS"	"DL191_noE"
0	0	0	8.40127435236791	3.79754446277574	0	0	7.30702365720331	"1125"	"PBS"	"DL191_noE"
10.4940347685226	0	0	0	0	0	8.52484270225019	0	"1125"	"PBS"	"DL191_noE"
8.25678490512515	0	0	0	0	0	0	0	"1125"	"PBS"	"DL191_noE"
0	0	0	0	0	3.02113681673755	3.79474785393179	1.9279808060712	"1125"	"PBS"	"DL191_noE"
9.03888766413317	0	0	0	0	0	0	0	"1125"	"PBS"	"DL191_noE"
0	0	0	0	0	3.02113681673755	0	1.9279808060712	"1125"	"PBS"	"DL191_noE"
9.5982532236386	0	0	0	0	3.24342588898293	0	2.14358330147073	"1125"	"PBS"	"DL191_noE"
0	0	0	8.97496231545283	4.71341269061675	0	0	7.88485341254516	"1125"	"PBS"	"DL191_noE"
0	0	0	9.31047037897885	0	0	0	8.20600939237914	"1125"	"PBS"	"DL191_noE"
0	0	0	0	0	0	3.34350465101441	0	"1125"	"PBS"	"DL191_noE"
10.6346421784493	0	0	0	0	0	9.98213270219544	0	"1125"	"PBS"	"DL191_noE"
2.47545698720488	0	2.31666304772763	0	0	5.71845058031789	0	4.60638233200336	"1125"	"PBS"	"DL191_noE"
0	0	0	0	4.71341269061675	6.88211672500197	0	5.88160620812431	"1125"	"PBS"	"DL191_noE"
0	0	0	0	0	4.81058362053919	0	3.69897278444858	"1125"	"PBS"	"DL191_noE"
0	0	0	0	0	6.25743996272251	0	5.14531302032456	"1125"	"PBS"	"DL191_noE"
11.9279353171279	0	2.71673569124623	9.68277811424849	4.34082655237616	0	11.3263788250809	8.58321171027405	"1125"	"PBS"	"DL191_noE"
0	0	0	0	0	0	9.27790664297035	0	"1125"	"PBS"	"DL191_noE"
0	0	1.65123222467085	0	0	0	5.20303945545306	0	"1125"	"PBS"	"DL191_noE"
0	0	8.56456073345191	9.58089366553849	4.73538813415791	7.3754670580493	0	8.58745533127742	"1125"	"PBS"	"DL191_noE"
0	0	0	0	0	4.40520138434888	0	3.29427196857577	"1125"	"PBS"	"DL191_noE"
11.5302242547266	0	0	0	0	0	0	0	"1125"	"PBS"	"DL191_noE"
0	0	0	7.95804706008381	0	0	0	6.85358699917427	"1125"	"PBS"	"DL191_noE"
3.16329180256121	0	3.11977595996172	0	0	4.34068341225921	7.23989164885662	3.22992272124402	"1125"	"PBS"	"DL191_noE"
0	0	0	6.29291571484639	0	0	0	5.18848238388435	"1125"	"PBS"	"DL191_noE"
0	0	2.31666304772763	0	0	4.03067430143208	6.87698670399001	2.92110815243111	"1125"	"PBS"	"DL191_noE"
0	0	0	0	0	3.83015932343988	0	2.72186354632197	"1125"	"PBS"	"DL191_noE"
1.80275719797278	8.49081149236931	7.61639790749445	0	6.07146096301716	5.32136680590737	11.2312877273541	5.36844434988264	"1125"	"PBS"	"DL191_noE"
0	0	0	0	5.6773660016048	0	0	4.59794516115952	"1125"	"PBS"	"DL191_noE"
0	0	0	0	0	0	5.22501706137105	0	"1125"	"PBS"	"DL191_noE"
12.4137997913857	6.74309293241496	6.90956116134994	0	0	0	7.72962653857259	0	"1125"	"PBS"	"DL191_noE"
7.90207702950782	11.3202541035331	12.6213307000705	10.3399913525187	8.59191330556603	10.4015042896023	12.4663388244395	10.0392336636247	"1125"	"PBS"	"DL191_noE"
0	0	0	0	0	0	3.88167848469443	0	"1125"	"PBS"	"DL191_noE"
0	12.0445332747502	0	0	0	0	0	0	"1125"	"PBS"	"DL191_noE"
0	0	0	0	0	4.19763879256041	5.15757996048523	3.08733925832195	"1125"	"PBS"	"DL191_noE"
0	0	0	6.52260926990941	7.73538192582796	0	0	6.91054791810734	"1125"	"PBS"	"DL191_noE"
0	0	4.25300552767308	0	0	6.15425656803866	0	5.04213656524596	"1125"	"PBS"	"DL191_noE"
0	0	2.71673569124623	0	0	0	7.22822972125343	0	"1125"	"PBS"	"DL191_noE"
0	0	0	0	0	0	8.62182822240679	0	"1125"	"PBS"	"DL191_noE"
0	0	0	0	0	2.73529340990362	0	1.6560394196384	"1125"	"PBS"	"DL191_noE"
0	0	2.71673569124623	0	0	0	7.36249385903596	0	"1125"	"PBS"	"DL191_noE"
0	0	0	0	0	3.13842196525534	0	2.04138800679869	"1125"	"PBS"	"DL191_noE"
6.38536827877181	0	0	0	0	0	0	0	"1125"	"PBS"	"DL191_noE"
0	11.4813168172131	0	9.7855712336787	5.41754886579939	5.53445173716396	0	8.70788367951942	"1125"	"PBS"	"DL191_noE"
0	3.0078649725154	0	0	0	0	0	0	"1125"	"PBS"	"DL191_noE"
0	0	0	0	0	2.33502662029444	0	1.29193540039483	"1125"	"PBS"	"DL191_noE"
0	0	0	0	0	0	3.59432668503279	0	"1125"	"PBS"	"DL191_noE"
0	0	0	0	0	4.11763529798321	3.47674401267923	3.0076569725756	"1125"	"PBS"	"DL191_noE"
0	0	0	9.66408598138441	3.67989492010456	0	0	8.56220186687721	"1125"	"PBS"	"DL191_noE"
0	0	2.71673569124623	0	0	6.16506738760792	0	5.05294658877641	"1125"	"PBS"	"DL191_noE"
0	0	2.31666304772763	0	0	4.52295311525759	0	3.41176647739514	"1125"	"PBS"	"DL191_noE"
8.61468417965547	0	8.61635677142365	13.8951847074558	13.8497053975181	14.1841521421727	11.1345468056885	13.9860068242578	"1125"	"PBS"	"DL191_noE"
0	0	0	9.64897479949687	0	3.02113681673755	0	8.54582268087419	"1125"	"PBS"	"DL191_noE"
0	8.25169390178463	0	11.9487399370016	12.5298118333849	10.7289630338522	8.15444130423605	11.9840834933537	"1125"	"PBS"	"DL191_noE"
6.58332065187533	10.1820040578814	0	8.90615299150383	0	5.38198870171644	0	7.83052229262218	"1125"	"PBS"	"DL191_noE"
0	0	0	0	0	0	4.16917463483936	0	"1125"	"PBS"	"DL191_noE"
0	0	0	0	0	2.05448949940828	0	1.05500980206685	"1125"	"PBS"	"DL191_noE"
0	0	0	0	0	0	3.79474785393179	0	"1125"	"PBS"	"DL191_noE"
0	0	0	0	0	0	8.20428173566874	0	"1125"	"PBS"	"DL191_noE"
0	0	0	0	0	0	5.36666043706595	0	"1125"	"PBS"	"DL191_noE"
0	0	2.03638777102588	8.73953678356658	4.0850065478568	4.03067430143208	0	7.65360243649843	"1125"	"PBS"	"DL191_noE"
0	0	0	0	0	0	5.10995522210573	0	"1125"	"PBS"	"DL191_noE"
2.1931964516109	0	3.00250967778589	0	0	6.679110789226	0	5.56696659645466	"1125"	"PBS"	"DL191_noE"
0	0	0	1.66147905997071	0	0	0	0.764572457350255	"1125"	"PBS"	"DL191_noE"
0	11.434506898987	8.54618149010765	11.2303940647524	0	0	0	9.7037794896276	"1130"	"FL"	"DL191_noE"
12.1353554239855	0	0	0	0	6.01662420929495	0	5.05244839645042	"1130"	"FL"	"DL191_noE"
0	8.22361764176434	0	12.2385540859544	5.35420300067617	7.55502067933532	0	10.7298949055189	"1130"	"FL"	"DL191_noE"
5.67355331185961	0	0	0	0	0	0	0	"1130"	"FL"	"DL191_noE"
0	0	0	10.8836661718945	6.22745788951627	10.7183964909895	0	10.2753853850593	"1130"	"FL"	"DL191_noE"
0	0	0	0	0	0	1.7141426375857	0	"1130"	"FL"	"DL191_noE"
5.62312371085604	0	0	0	0	0	0	0	"1130"	"FL"	"DL191_noE"
1.60394962124075	0	0	0	0	0	0	0	"1130"	"FL"	"DL191_noE"
0	0	0	0	6.08604750976815	0	0	5.1733922234886	"1130"	"FL"	"DL191_noE"
11.8617046399308	0	0	0	0	0	0	0	"1130"	"FL"	"DL191_noE"
13.8363989380291	8.64551915503539	9.46394820528474	0	0	5.84566883385792	0	4.88150726113999	"1130"	"FL"	"DL191_noE"
8.93917578755044	0	0	11.2990504089025	11.5687887427185	13.8619895538491	0	13.0377168119494	"1130"	"FL"	"DL191_noE"
0	0	0	0	0	0	3.8788143271702	0	"1130"	"FL"	"DL191_noE"
0	0	0	0	0	6.56391555863524	0	5.59971650231844	"1130"	"FL"	"DL191_noE"
0	0	0	10.323809182533	6.63657713036511	11.1317851610763	0	10.4032495629738	"1130"	"FL"	"DL191_noE"
0	0	2.04537822434161	0	0	0	0	0	"1130"	"FL"	"DL191_noE"
0	8.20005717944249	0	0	0	0	0	0	"1130"	"FL"	"DL191_noE"
0	0	2.04537822434161	0	0	0	4.4846498356737	0	"1130"	"FL"	"DL191_noE"
4.74079771947896	0	0	0	0	0	0	0	"1130"	"FL"	"DL191_noE"
11.3558100561907	0	0	0	0	0	10.4279580280534	0	"1130"	"FL"	"DL191_noE"
0	0	0	0	0	0	3.47388289978988	0	"1130"	"FL"	"DL191_noE"
0	0	4.02126189236711	0	0	0	5.0311089388921	0	"1130"	"FL"	"DL191_noE"
8.28288786307034	12.8316659258194	13.2854589360122	8.44420907947142	9.26620365857787	11.2450495052463	13.987512203244	10.4464895061023	"1130"	"FL"	"DL191_noE"
5.28838657308947	0	0	0	0	0	9.72337941351444	0	"1130"	"FL"	"DL191_noE"
13.2116787367845	0	9.66381406974546	0	0	0	0	0	"1130"	"FL"	"DL191_noE"
6.87093641784269	11.1623765086624	9.25810739161799	0	0	0	0	0	"1130"	"FL"	"DL191_noE"
0	0	0	0	0	2.86995554610699	0	1.92407427080648	"1130"	"FL"	"DL191_noE"
0	11.8323730249774	11.8258776687377	0	0	0	0	0	"1130"	"FL"	"DL191_noE"
0	5.19659346612597	4.4853730336958	0	0	0	0	0	"1130"	"FL"	"DL191_noE"
5.4646582387181	0	0	8.77147341804016	0	9.31509714956848	0	8.63671982269642	"1130"	"FL"	"DL191_noE"
0	11.732444759502	11.9367530741113	9.93741138690845	0	6.76533662725286	0	8.481775818291	"1130"	"FL"	"DL191_noE"
0	0	0	0	0	0	3.3870539250991	0	"1130"	"FL"	"DL191_noE"
0	0	0	0	0	0	1.7141426375857	0	"1130"	"FL"	"DL191_noE"
0	0	0	0	0	0	1.7141426375857	0	"1130"	"FL"	"DL191_noE"
0	11.9458703262202	0	10.0051443527572	9.38748932285923	12.4690051534234	9.31186614832763	11.5972028363343	"1130"	"FL"	"DL191_noE"
0	0	0	0	0	6.40285475723038	0	5.43866014472919	"1130"	"FL"	"DL191_noE"
7.00074778323372	9.52026536072873	9.93149059408992	14.065467232967	14.4402012017384	12.080337027321	12.444560580376	13.9071621472862	"1130"	"FL"	"DL191_noE"
0	0	0	7.10121215696837	5.60842822831087	8.64747885922705	0	7.84181839253655	"1130"	"FL"	"DL191_noE"
6.44547208738866	0	0	0	0	0	0	0	"1130"	"FL"	"DL191_noE"
0	0	0	0	0	5.02626263972204	0	4.0623050167623	"1130"	"FL"	"DL191_noE"
0	0	0	0	0	0	4.16630940939437	0	"1130"	"FL"	"DL191_noE"
0	11.1950803635816	13.6711150443039	0	0	0	4.77227623549981	0	"1130"	"FL"	"DL191_noE"
0	0	0	0	0	0	4.62569715089579	0	"1130"	"FL"	"DL191_noE"
0	0	0	12.1008829333166	0	0	0	10.5742683552632	"1130"	"FL"	"DL191_noE"
0	7.24968756315256	9.6103997043014	0	0	0	9.32080448526215	0	"1130"	"FL"	"DL191_noE"
0	13.6748018652632	12.0805183067904	0	7.3406124114188	12.4501094241531	13.0910355833045	11.4922370063616	"1130"	"FL"	"DL191_noE"
0	0	0	10.4451507406191	5.75965568870871	10.7959818267425	0	10.1739877062294	"1130"	"FL"	"DL191_noE"
4.12787679492783	0	0	0	3.10490050495312	0	3.55378358653294	2.2024980210922	"1130"	"FL"	"DL191_noE"
0	0	0	0	0	0	2.78360293953375	0	"1130"	"FL"	"DL191_noE"
0	10.165383570271	0	0	0	0	0	0	"1130"	"FL"	"DL191_noE"
0	9.45429174926248	0	0	0	0	0	0	"1130"	"FL"	"DL191_noE"
0	10.5541899700055	0	0	0	0	0	0	"1130"	"FL"	"DL191_noE"
0	0	0	0	0	0	3.69668072341224	0	"1130"	"FL"	"DL191_noE"
8.06620713287689	0	3.82074987183834	0	0	0	5.99196755850692	0	"1130"	"FL"	"DL191_noE"
0	0	0	0	0	0	3.50132446741307	0	"1129"	"FL"	"DL191_noE"
0	0	8.79261947353496	0	0	0	0	0	"1129"	"FL"	"DL191_noE"
0	0	0	0	0	0	2.58977035550208	0	"1129"	"FL"	"DL191_noE"
1.55470463279564	0	0	0	0	0	0	0	"1129"	"FL"	"DL191_noE"
0	6.03268947531725	0	7.32492797218502	0	0	0	5.82752502976235	"1129"	"FL"	"DL191_noE"
0	0	0	0	0	0	5.05508492461392	0	"1129"	"FL"	"DL191_noE"
0	0	0	0	0	0	3.09699323434206	0	"1129"	"FL"	"DL191_noE"
1.93557065652327	0	0	0	0	0	4.48137193946087	0	"1129"	"FL"	"DL191_noE"
3.12043882652494	0	0	0	0	0	0	0	"1129"	"FL"	"DL191_noE"
0	0	0	0	0	0	2.74243226044567	0	"1129"	"FL"	"DL191_noE"
0	0	0	0	0	3.40613177586708	0	2.45897772935202	"1129"	"FL"	"DL191_noE"
0	0	0	8.40436383380602	0	0	0	6.90695360185201	"1129"	"FL"	"DL191_noE"
0	0	0	0	0	0	4.28906014038822	0	"1129"	"FL"	"DL191_noE"
0	11.5175265019555	12.8053402190816	0	5.40596356738314	7.40323204337459	0	6.57877309681999	"1129"	"FL"	"DL191_noE"
0	0	0	0	0	0	5.13620437929232	0	"1129"	"FL"	"DL191_noE"
0	0	5.27049588924963	0	0	0	5.62865920233362	0	"1129"	"FL"	"DL191_noE"
12.8988025442911	0	7.99113823800572	0	0	4.77034379240314	6.82064409339794	3.81736122245822	"1129"	"FL"	"DL191_noE"
0	0	0	0	0	0	3.9707739320003	0	"1129"	"FL"	"DL191_noE"
0	0	0	0	0	0	3.78860877132484	0	"1129"	"FL"	"DL191_noE"
0	0	0	0	0	0	4.78141872494364	0	"1129"	"FL"	"DL191_noE"
1.55470463279564	0	0	0	0	0	3.50132446741307	0	"1129"	"FL"	"DL191_noE"
9.71536159844734	10.2921680847146	0	12.9643563430937	9.40005831052805	11.4274632514239	0	11.8175910474664	"1129"	"FL"	"DL191_noE"
0	0	0	10.702777556197	6.02413340633666	5.73231917084166	0	9.23316725200901	"1129"	"FL"	"DL191_noE"
0	0	7.79238147463877	8.90721970724425	0	0	0	7.4098088718474	"1129"	"FL"	"DL191_noE"
0	0	0	0	0	0	5.33568236523576	0	"1129"	"FL"	"DL191_noE"
2.2142033142589	0	0	0	0	0	0	0	"1129"	"FL"	"DL191_noE"
12.0598248929252	0	0	0	0	0	0	0	"1129"	"FL"	"DL191_noE"
0	0	0	8.93379550487876	6.25324497247873	5.07904616594675	0	7.58153575571167	"1129"	"FL"	"DL191_noE"
4.85901514653473	0	0	0	0	0	0	0	"1129"	"FL"	"DL191_noE"
3.12043882652494	0	3.54853073633273	0	0	0	3.92824590373688	0	"1129"	"FL"	"DL191_noE"
0	0	0	0	0	0	3.78860877132484	0	"1129"	"FL"	"DL191_noE"
0	0	0	0	0	0	1.53321850485987	0	"1129"	"FL"	"DL191_noE"
0	0	0	0	0	0	2.409903366859	0	"1129"	"FL"	"DL191_noE"
0	2.23206262200306	2.4564685885356	0	0	0	2.99211031168051	0	"1129"	"FL"	"DL191_noE"
0	0	0	0	0	0	3.27869163676237	0	"1129"	"FL"	"DL191_noE"
0	0	0	0	0	0	4.78141872494364	0	"1129"	"FL"	"DL191_noE"
7.83430564427093	13.2857199959131	13.589214614687	14.0561190114806	14.4704587177338	14.2751125594027	12.8546417128836	14.3146444218767	"1129"	"FL"	"DL191_noE"
2.43307439602071	0	3.93108022816681	0	0	2.8692591984195	3.9707739320003	1.93377165820754	"1129"	"FL"	"DL191_noE"
4.03509228778262	0	0	0	0	0	0	0	"1129"	"FL"	"DL191_noE"
0	9.822507879938	9.25126309760882	0	0	0	0	0	"1129"	"FL"	"DL191_noE"
3.21541138521007	0	0	0	0	0	0	0	"1129"	"FL"	"DL191_noE"
0	0	0	0	0	0	2.19123199134788	0	"1129"	"FL"	"DL191_noE"
0	0	0	7.74640824833325	0	0	0	6.24900061213957	"1129"	"FL"	"DL191_noE"
0	1.95312005196654	0	0	0	0	0	0	"1129"	"FL"	"DL191_noE"
3.45595736344447	10.5733301183024	8.28331640652526	0	5.16884600576442	0	0	4.22962196287599	"1129"	"FL"	"DL191_noE"
0	6.58358158696266	6.97738058365009	8.90663405571166	0	0	0	7.40922322072271	"1129"	"FL"	"DL191_noE"
0	0	3.23908573203295	0	0	0	0	0	"1129"	"FL"	"DL191_noE"
0	0	0	0	0	0	2.99211031168051	0	"1129"	"FL"	"DL191_noE"
0	10.0928409226414	8.61534844233903	0	0	0	9.6668123540797	0	"1129"	"FL"	"DL191_noE"
0	0	0	0	0	0	1.91301374281585	0	"1129"	"FL"	"DL191_noE"
0	8.61030219897724	0	0	0	4.28760889383961	0	3.33529441735792	"1129"	"FL"	"DL191_noE"
0	0	0	0	0	4.44662216818283	0	3.49401394657132	"1129"	"FL"	"DL191_noE"
14.1135455449714	0	0	0	0	0	4.53015019594942	0	"1129"	"FL"	"DL191_noE"
0	0	0	0	0	0	3.68336826758207	0	"1129"	"FL"	"DL191_noE"
0	0	0	0	0	0	1.53321850485987	0	"1129"	"FL"	"DL191_noE"
0	0	0	0	0	0	2.58977035550208	0	"1129"	"FL"	"DL191_noE"
0	0	0	0	0	0	2.99211031168051	0	"1129"	"FL"	"DL191_noE"
0	0	0	0	0	0	4.40343200868041	0	"1129"	"FL"	"DL191_noE"
0	9.33280850233314	9.53298165392176	0	0	0	7.0009552388849	0	"1129"	"FL"	"DL191_noE"
0	0	0	0	0	0	4.01156805187395	0	"1129"	"FL"	"DL191_noE"
0	0	0	0	0	0	2.87499382060363	0	"1129"	"FL"	"DL191_noE"
5.15974209497345	0	0	0	0	0	0	0	"1129"	"FL"	"DL191_noE"
2.2142033142589	0	0	0	0	0	0	0	"1129"	"FL"	"DL191_noE"
0	0	0	0	0	0	3.83735135705525	0	"1129"	"FL"	"DL191_noE"
9.0222144288135	8.32583222093074	10.4915971870248	0	0	0	0	0	"1129"	"FL"	"DL191_noE"
0	0	0	0	0	0	3.09699323434206	0	"1129"	"FL"	"DL191_noE"
0	0	4.33633143828211	0	0	0	0	0	"1129"	"FL"	"DL191_noE"
0	0	0	0	0	0	4.12483027443552	0	"1129"	"FL"	"DL191_noE"
0	8.86166323961959	9.41586919804869	0	0	0	0	0	"1129"	"FL"	"DL191_noE"
0	0	3.78460786898912	0	0	0	4.0507640424632	0	"1129"	"FL"	"DL191_noE"
0	0	0	3.41114128908567	0	0	0	1.93377165820754	"1129"	"FL"	"DL191_noE"
0	0	0	0	0	4.09845369328307	0	3.14663437952472	"1129"	"FL"	"DL191_noE"
0	0	0	0	0	0	2.409903366859	0	"1129"	"FL"	"DL191_noE"
0	0	0	0	0	4.05591854892054	0	3.10423867361604	"1129"	"FL"	"DL191_noE"
0	0	0	0	0	0	4.68427005252668	0	"1129"	"FL"	"DL191_noE"
8.52296638336261	9.12020416905499	0	12.0302395176304	8.50903424207152	10.3649042047205	0	10.8531010758609	"1129"	"FL"	"DL191_noE"
1.55470463279564	0	3.14409759144819	0	0	0	0	0	"1129"	"FL"	"DL191_noE"
0	13.5362991851908	12.5094109185642	9.37839360044838	9.03442392503245	11.2271751742266	10.5744749498692	10.4598914565686	"1129"	"FL"	"DL191_noE"
0	0	0	0	0	0	3.191949608984	0	"1129"	"FL"	"DL191_noE"
0	6.50406985366349	0	9.06254065732375	0	0	0	7.56512972899298	"1129"	"FL"	"DL191_noE"
0	0	0	0	0	0	2.58977035550208	0	"1129"	"FL"	"DL191_noE"
0	0	0	7.43540350244021	0	0	0	5.93799892630272	"1129"	"FL"	"DL191_noE"
0	0	0	0	5.16884600576442	0	0	4.22962196287599	"1129"	"FL"	"DL191_noE"
5.85286453733807	8.36894939951736	8.71894417135485	0	0	0	9.35796672091367	0	"1129"	"FL"	"DL191_noE"
0	0	2.23740480205176	0	0	0	0	0	"1129"	"FL"	"DL191_noE"
0	0	0	0	0	0	2.58977035550208	0	"1129"	"FL"	"DL191_noE"
7.60937006683323	7.33096210781128	0	0	6.56212754625068	0	11.5775305184268	5.6227350083866	"1129"	"FL"	"DL191_noE"
10.7073186602541	12.6556624619113	12.987587588359	0	10.6116580395674	11.9491581631809	14.1800829321079	11.2317838067338	"1129"	"FL"	"DL191_noE"
5.30456474806258	11.3495571350785	10.2721761229447	10.4911596301809	8.810099395507	11.0126607510463	0	10.4353894380323	"1129"	"FL"	"DL191_noE"
