B	cDC1	cDC2	eos	mon	neu	pDC	mye	mouse	treatment	exp
0	9.594546085	8.710225356	0	4.480655361	0	7.681905136	3.228591113	93	FL	DL72
0	11.1030096	9.70610875	0	5.143855341	0	8.395199855	3.890732374	93	FL	DL72
0	11.12442555	11.97083692	13.85352573	13.34663577	12.51756841	13.3532983	13.47661249	93	FL	DL72
0	5.968765116	6.256689052	0	0	0	0	0	93	FL	DL72
9.039934533	11.90617416	13.04940005	11.9077833	11.80424123	13.48332577	8.495642629	12.60822505	93	FL	DL72
0	0	0	0	3.844995794	0	0	2.596601572	93	FL	DL72
0	0	0	6.681428461	0	0	0	5.86608603	93	FL	DL72
0	8.346186121	7.977455901	0	7.440327683	6.359154378	7.636903187	6.466854274	93	FL	DL72
11.9079737	6.427992718	6.657063065	0	4.866248881	3.306493917	0	3.7955098	93	FL	DL72
10.65249512	4.023168751	7.184082299	0	0	0	0	0	93	FL	DL72
3.729770719	0	0	0	0	0	0	0	93	FL	DL72
0	5.094469627	0	0	0	0	0	0	93	FL	DL72
0	6.102294976	5.439408618	0	0	0	0	0	93	FL	DL72
0	0	0	0	0	4.586187921	0	3.285580236	93	FL	DL72
0	8.872688814	7.274267921	0	0	0	0	0	93	FL	DL72
0	10.82883673	11.25355461	6.726610548	10.46134693	10.31347454	9.894293256	9.827771136	93	FL	DL72
0	12.42243757	12.34900538	9.493155525	9.182610443	10.90364978	8.99932429	10.062142	93	FL	DL72
0	8.135687657	0	0	0	0	0	0	93	FL	DL72
0	0	0	7.457199423	0	5.192250758	0	6.703727107	93	FL	DL72
0	0	5.673973806	0	0	0	0	0	93	FL	DL72
8.677954552	6.473855906	9.053719076	12.42478016	12.89038394	9.914229868	12.97971611	12.34072056	93	FL	DL72
0	0	0	5.286719246	0	0	0	4.471475432	93	FL	DL72
0	0	6.494944847	0	0	0	0	0	93	FL	DL72
0	0	1.700534786	0	0	0	0	0	93	FL	DL72
0	0	0	8.75083934	4.691920243	0	0	7.946569534	93	FL	DL72
0	7.024563563	8.105979289	0	0	0	7.936879806	0	93	FL	DL72
0	0	0	6.517426095	0	0	0	5.702086171	93	FL	DL72
7.882855914	5.147811805	0	0	0	0	0	0	93	FL	DL72
0	4.467665911	0	0	0	0	0	0	93	FL	DL72
0	13.66821789	12.55960181	0	8.186899763	9.970833921	8.538588156	8.831307769	93	FL	DL72
0	6.255014745	0	0	0	0	0	0	93	FL	DL72
14.23959496	0	0	0	5.75819756	4.334941312	0	4.711376305	93	FL	DL72
0	0	2.087585869	0	0	0	2.819036054	0	93	FL	DL72
0	6.546977847	0	0	0	0	0	0	93	FL	DL72
9.31269095	11.51701164	12.05577803	10.08206389	11.36729903	9.833108121	12.55633776	10.60488987	93	FL	DL72
8.250983278	8.576725354	0	0	3.950269436	0	0	2.700910971	93	FL	DL72
0	12.76708157	13.19727632	12.84092193	13.19665791	13.62824242	10.47760192	13.21090562	93	FL	DL72
0	4.654210865	0	0	0	0	0	0	93	FL	DL72
0	0	0	0	4.132477794	0	0	2.881858335	93	FL	DL72
8.322629621	8.328533886	9.803000744	10.70760357	11.56785504	6.600988914	13.24343244	10.82255581	93	FL	DL72
11.27915461	10.31375068	8.531476644	0	5.113085844	0	7.493625367	3.859987198	93	FL	DL72
0	7.825056726	7.502900789	0	0	0	0	0	93	FL	DL72
0	0	0	0	4.979565535	6.644473872	0	5.523721968	93	FL	DL72
0	7.841878719	0	0	0	0	0	0	93	FL	DL72
9.064325986	0	0	8.97217754	8.166461099	5.587546606	7.398979042	8.426167521	93	FL	DL72
0	8.681748964	8.12809709	0	0	0	0	0	93	FL	DL72
0	4.171506514	0	0	0	0	0	0	93	FL	DL72
0	8.205814255	5.900742825	11.36542379	10.97107207	10.38853805	0	11.06073741	93	FL	DL72
0	9.185116959	0	0	3.258231628	0	0	2.020964854	93	FL	DL72
0	5.06669221	0	0	5.258258729	0	0	4.005057379	93	FL	DL72
0	8.005143596	7.143093003	0	0	0	0	0	93	FL	DL72
0	6.517707589	0	0	0	0	0	0	93	FL	DL72
0	7.131910024	0	0	0	0	0	0	93	FL	DL72
0	6.975674072	0	0	0	5.870107525	0	4.568302253	93	FL	DL72
11.26244261	0	0	0	5.202692061	0	0	3.94952655	93	FL	DL72
11.28230643	0	0	0	0	0	0	0	93	FL	DL72
0	0	5.81767758	0	0	0	0	0	93	FL	DL72
0	5.656015091	6.348763113	0	0	0	0	0	93	FL	DL72
0	2.421327857	0	0	0	0	0	0	93	FL	DL72
0	6.403877687	6.308991195	0	5.476346734	0	7.857789805	4.497660814	92	FL	DL72
0	0	0	8.696537329	0	0	0	7.527670807	92	FL	DL72
0	0	0	0	0	7.740001805	0	6.580100412	92	FL	DL72
0	8.557324732	7.893579936	0	5.999583517	0	0	5.02082851	92	FL	DL72
0	7.665378755	3.613859394	8.59959539	0	0	0	7.430728924	92	FL	DL72
0	10.83568885	11.5637956	11.23879525	9.222002451	0	0	10.21915921	92	FL	DL72
0	0	0	8.881271424	0	0	0	7.712404821	92	FL	DL72
0	0	0	9.517880112	0	0	0	8.349013379	92	FL	DL72
0	0	0	0	0	7.375732656	0	6.215833125	92	FL	DL72
6.41305485	0	0	11.91963127	5.847901109	0	0	10.75355074	92	FL	DL72
0	0	0	0	0	7.8574386	0	6.697536845	92	FL	DL72
0	0	0	0	0	11.93029337	0	10.77039024	92	FL	DL72
7.249551284	10.90250453	10.53263713	14.15873273	13.97387568	0	8.359287143	13.68562519	92	FL	DL72
0	0	0	2.391397074	0	0	0	1.292510574	92	FL	DL72
0	0	0	8.335366471	0	0	0	7.166500226	92	FL	DL72
0	7.914757329	8.01206151	0	0	0	0	0	92	FL	DL72
0	10.0073669	8.167966407	7.687951374	5.669025478	0	0	6.668019685	92	FL	DL72
0	0	0	0	0	11.94401981	0	10.78411668	92	FL	DL72
0	0	0	0	0	10.25180193	0	9.091898818	92	FL	DL72
0	11.25664691	10.23235732	6.346975069	7.221172307	0	8.706878374	6.538759238	92	FL	DL72
0	0	0	0	0	3.222911858	0	2.077238775	92	FL	DL72
0	0	0	10.15025325	0	0	0	8.981386484	92	FL	DL72
0	8.004334235	10.51157225	0	0	0	0	0	92	FL	DL72
0	7.691922066	0	0	0	0	0	0	92	FL	DL72
0	7.427089572	9.580910071	0	0	0	0	0	92	FL	DL72
0	0	0	0	0	1.987517687	0	0.965361733	92	FL	DL72
0	0	0	7.480821412	0	0	0	6.311957603	92	FL	DL72
0	0	0	0	6.014289486	0	0	5.035533395	92	FL	DL72
0	6.549209983	0	0	0	0	0	0	92	FL	DL72
0	0	3.009432543	0	0	0	0	0	92	FL	DL72
7.321796123	3.781957473	0	0	0	0	0	0	92	FL	DL72
0	6.991041533	7.909799875	0	0	0	0	0	92	FL	DL72
0	5.759793857	0	0	0	0	0	0	92	FL	DL72
0	4.827471164	0	5.503901243	0	0	0	4.335189497	92	FL	DL72
7.973173573	0	0	0	0	0	0	0	92	FL	DL72
0	7.012547703	9.081576618	0	9.888975993	0	8.395111866	8.910183603	92	FL	DL72
0	0	0	7.409060724	7.112896467	0	0	6.881702951	92	FL	DL72
3.920991271	0	3.162938829	0	0	0	0	0	92	FL	DL72
12.72689982	13.95571626	14.06103036	12.05488097	11.94854027	0	14.29030201	11.62190437	92	FL	DL72
0	0	0	0	0	13.6651566	0	12.50525347	92	FL	DL72
0	0	0	0	0	12.95437003	0	11.7944669	92	FL	DL72
0	6.458238614	0	0	0	7.747759793	0	6.587858374	92	FL	DL72
0	9.264638252	9.197312567	0	0	0	7.888675512	0	92	FL	DL72
0	0	0	0	0	11.8782289	0	10.71832578	92	FL	DL72
0	4.90542345	0	0	0	0	0	0	92	FL	DL72
0	8.200279182	8.373751733	0	0	0	0	0	92	FL	DL72
0	0	0	0	0	8.590631736	0	7.430728924	92	FL	DL72
0	0	0	0	0	10.92999069	0	9.770087561	92	FL	DL72
5.697101563	5.359645982	0	0	0	0	8.577555589	0	92	FL	DL72
0	8.336124837	8.806089828	0	9.275743293	0	7.649281498	8.296950941	92	FL	DL72
0	0	2.606986907	0	0	0	0	0	92	FL	DL72
0	8.547549484	0	0	0	0	8.117157535	0	92	FL	DL72
14.15157632	11.08154767	10.59515204	0	7.511035171	0	9.715106578	6.532244585	92	FL	DL72
0	0	0	0	0	7.787158814	0	6.627257265	92	FL	DL72
0	0	0	0	0	8.13817131	0	6.978268965	92	FL	DL72
0	0	1.929691253	0	0	0	0	0	92	FL	DL72
0	0	4.105880919	0	0	8.821859607	0	7.661956678	92	FL	DL72
0	0	0	0	0	8.391807507	0	7.23190485	92	FL	DL72
0	9.515775054	9.268488845	0	0	0	0	0	92	FL	DL72
0	0	0	0	0	8.713796869	0	7.553893988	92	FL	DL72
0	9.14992754	0	0	0	0	0	0	92	FL	DL72
0	0	2.606986907	0	0	0	0	0	92	FL	DL72
0	0	0	0	0	7.729038504	0	6.56913715	92	FL	DL72
0	0	0	10.94451826	0	0	0	9.77565148	92	FL	DL72
0	6.304088821	7.219125286	0	0	0	0	0	92	FL	DL72
0	7.894831395	10.01610493	0	0	0	0	0	92	FL	DL72
0	6.610118501	5.985928626	0	0	0	0	0	92	FL	DL72
0	10.90473931	8.767999791	0	6.150552941	0	0	5.171788188	92	FL	DL72
0	4.880108491	0	0	0	0	0	0	92	FL	DL72
9.142917814	5.066676476	0	0	0	0	0	0	92	FL	DL72
0	6.721822128	0	0	0	0	0	0	92	FL	DL72
0	0	0	0	2.487529039	0	0	1.548081388	92	FL	DL72
0	0	0	0	0	8.123418674	0	6.963516352	92	FL	DL72
12.10539096	5.421201313	0	0	0	0	0	0	92	FL	DL72
0	8.87848672	8.32919385	0	0	0	0	0	92	FL	DL72
0	4.8000758	0	0	0	0	0	0	92	FL	DL72
0	0	0	0	0	7.95375555	0	6.793853554	92	FL	DL72
0	7.310059359	0	0	0	0	0	0	92	FL	DL72
0	1.930891098	0	0	0	0	0	0	92	FL	DL72
0	9.455554479	9.668425548	0	0	0	0	0	92	FL	DL72
0	9.745017846	8.316913713	0	5.425055332	0	0	4.446380912	92	FL	DL72
0	6.978541392	0	0	0	0	0	0	92	FL	DL72
0	10.24362757	9.18182439	0	0	0	0	0	92	FL	DL72
0	4.583889325	0	0	0	0	0	0	92	FL	DL72
0	8.349785152	9.2805029	0	6.091519979	11.742907	0	10.58720508	92	FL	DL72
0	0	0	0	0	7.574362822	0	6.414462112	92	FL	DL72
0	0	0	10.29894573	0	0	0	9.130078962	92	FL	DL72
0	10.37078812	11.1524501	7.81087199	9.253105089	0	0	8.452858793	92	FL	DL72
0	8.483316532	7.734385162	10.26429738	0	0	0	9.095430607	92	FL	DL72
0	6.975391789	0	0	0	0	0	0	92	FL	DL72
0	11.74457733	11.09576362	0	12.24001203	0	11.99414998	11.26121963	92	FL	DL72
0	0	0	0	0	5.860388914	0	4.700560297	92	FL	DL72
0	7.151383951	0	0	0	0	0	0	92	FL	DL72
0	10.98770165	10.06947438	7.345834302	6.469583399	0	9.618110686	6.584762408	92	FL	DL72
0	0	6.232521378	6.254193961	4.944500921	0	0	5.367805368	92	FL	DL72
8.276141015	4.394695324	0	0	0	0	0	0	92	FL	DL72
10.79282061	11.54938617	11.62025781	6.901149077	8.074378626	0	11.58540109	7.32337049	92	FL	DL72
0	0	0	0	0	6.855144249	0	5.695251311	92	FL	DL72
0	0	0	0	0	0	2.569114693	0	92	FL	DL72
9.220278389	0	0	0	6.553890132	0	0	5.575110069	92	FL	DL72
6.982289408	0	0	0	0	0	0	0	92	FL	DL72
0	5.276958243	6.483098179	0	6.946505994	0	9.187294576	5.967719217	92	FL	DL72
7.252803317	0	0	0	0	0	0	0	92	FL	DL72
0	0	0	0	0	8.994098822	0	7.834195835	92	FL	DL72
0	9.138750211	7.74173273	0	0	0	0	0	92	FL	DL72
0	7.268578796	0	6.582696249	0	0	0	5.413847392	92	FL	DL72
6.293391073	8.263136486	8.622555425	0	12.8236853	0	9.809240978	11.8448929	92	FL	DL72
0	9.06892824	8.24166456	0	0	0	0	0	92	FL	DL72
7.056093264	0	0	0	0	0	0	0	92	FL	DL72
3.134038614	0	0	0	0	0	0	0	92	FL	DL72
0	7.25912247	7.779093384	7.892377731	10.37089876	0	8.044909488	9.459156928	92	FL	DL72
0	10.18437571	10.69101452	0	5.026171307	0	10.29351397	4.047640837	92	FL	DL72
0	0	0	0	4.122374189	0	0	3.175479207	91	PBS	DL72
0	10.08964374	0	6.626423895	5.094009723	5.528690143	0	5.981419028	91	PBS	DL72
0	2.476999662	0	0	0	0	0	0	91	PBS	DL72
0	6.782954567	8.472493308	7.208531552	5.508422305	0	0	6.354761232	91	PBS	DL72
0	10.40132405	0	9.200152052	0	0	0	8.164651067	91	PBS	DL72
0	8.493367155	0	0	0	0	0	0	91	PBS	DL72
5.495568562	10.1132427	9.541647612	10.67070184	11.30000298	11.4314515	10.00972813	11.16116003	91	PBS	DL72
9.351004373	10.20199643	10.39093415	6.243008948	7.241956478	9.498469644	9.810898002	8.333198391	91	PBS	DL72
10.98160748	0	0	0	6.539302086	0	0	5.590935009	91	PBS	DL72
0	0	0	5.744573845	3.968318311	0	0	4.878538586	91	PBS	DL72
0	0	0	8.768359936	5.865088873	6.247800782	0	7.844556919	91	PBS	DL72
0	11.96235137	9.713911154	7.042447772	10.84215934	9.346964908	11.11295841	10.05043941	91	PBS	DL72
0	0	0	2.273968994	0	0	0	1.30431051	91	PBS	DL72
11.81814901	0	0	0	4.427635808	0	0	3.480063685	91	PBS	DL72
0	0	0	0	7.697662496	0	0	6.749284751	91	PBS	DL72
4.966756104	9.948089216	9.204364309	0	3.680914007	0	0	2.736110598	91	PBS	DL72
0	11.84164151	9.079768988	12.86275434	9.914907338	11.37298128	11.4237687	12.02673455	91	PBS	DL72
0	12.87959194	13.25390877	10.15838701	8.058130132	10.61007874	11.33061313	9.944112384	91	PBS	DL72
0	9.269346931	10.48221684	0	4.661197425	0	0	3.713324465	91	PBS	DL72
0	11.93964537	12.81658618	6.511820965	6.946886921	5.356846354	11.3646548	6.545944516	91	PBS	DL72
0	0	10.2705062	8.909714048	5.731559944	0	0	7.91866487	91	PBS	DL72
0	0	0	9.020837146	4.778961699	0	0	8.000902948	91	PBS	DL72
0	0	0	8.461802276	0	0	0	7.426301531	91	PBS	DL72
0	7.611583321	10.21664269	0	0	0	0	0	91	PBS	DL72
0	0	0	10.87418918	7.226057908	10.24505634	0	10.18591225	91	PBS	DL72
0	0	0	0	0	0	3.321226265	0	91	PBS	DL72
0	10.88832315	0	10.33672649	10.44864426	9.017175501	7.750738573	10.18256065	91	PBS	DL72
0	0	0	0	3.430013776	0	0	2.487517676	91	PBS	DL72
0	9.757252139	0	0	6.015659639	8.069032425	10.1493549	6.889046358	91	PBS	DL72
8.303231815	10.39531803	10.8178409	8.540906451	7.346685782	7.05587493	10.59716932	7.907421781	91	PBS	DL72
0	7.565712891	8.350179742	7.94349625	4.373584872	0	0	6.938250418	91	PBS	DL72
0	0	0	8.304768056	0	5.292310897	0	7.304317709	91	PBS	DL72
6.306485256	0	8.467313867	5.30787048	0	0	0	4.272539416	91	PBS	DL72
0	8.458880982	0	0	0	0	0	0	91	PBS	DL72
0	10.83295092	10.40010308	11.63960196	12.24668531	12.28860105	10.63702332	12.08352758	91	PBS	DL72
5.774274764	0	0	0	7.070303572	0	8.50170518	6.121928752	91	PBS	DL72
0	0	0	0	3.968318311	0	6.935334837	3.021957003	91	PBS	DL72
0	0	0	10.93151958	4.850411256	6.661774473	0	9.908579038	91	PBS	DL72
0	8.970207704	7.21677444	0	4.850411256	0	0	3.902378983	91	PBS	DL72
0	12.08156079	11.10509862	13.92850644	14.10886625	14.13561686	13.4308365	14.05587652	91	PBS	DL72
14.39098562	0	0	0	7.352351515	0	0	6.403974931	91	PBS	DL72
7.561510173	9.099723024	0	0	0	0	0	0	91	PBS	DL72
0	0	0	8.383620986	0	0	0	7.348120293	91	PBS	DL72
0	0	0	4.56601676	0	0	0	3.531264529	91	PBS	DL72
0	8.989066823	9.265969885	10.69037316	4.815324388	0	0	9.657931548	91	PBS	DL72
0	0	7.67111163	0	0	0	0	0	91	PBS	DL72
0	7.413940428	0	0	0	0	0	0	91	PBS	DL72
0	12.79155804	13.14213047	10.05153507	8.166415218	10.65592243	11.13344577	9.929667826	91	PBS	DL72
6.5453759	0	0	0	0	0	7.261503889	0	91	PBS	DL72
0	0	0	0	5.626201894	0	0	4.677896472	91	PBS	DL72
0	11.85966052	11.56360281	5.913989054	11.97964757	8.560586339	13.10265294	11.05488783	91	PBS	DL72
7.347936217	11.47952994	10.95493686	10.07630858	10.90753773	10.14847387	11.81312942	10.49591274	91	PBS	DL72
0	0	0	6.626423895	0	0	0	5.590935009	91	PBS	DL72
0	0	0	0	3.88137484	0	0	2.935395181	91	PBS	DL72
0	0	0	0	0	3.837462795	0	2.487517676	91	PBS	DL72
8.77538826	10.31180545	9.755884117	9.295506381	10.12387994	10.5812258	11.85009681	10.07194248	91	PBS	DL72
3.263424173	0	0	0	0	0	0	0	91	PBS	DL72
0	0	7.463472378	0	0	0	0	0	91	PBS	DL72
4.303596168	3.451753535	3.564323749	0	0	0	3.926446094	0	91	PBS	DL72
0	0	0	0	0	5.110000472	0	3.754099822	91	PBS	DL72
0	0	0	8.881394738	5.094009723	7.266367108	0	8.002046458	91	PBS	DL72
0	9.552747932	9.862838453	8.412859666	8.404712425	8.32080775	0	8.386725538	91	PBS	DL72
0	8.612673548	0	0	0	0	0	0	91	PBS	DL72
0	0	0	8.787811381	0	8.518165383	0	8.267054971	90	PBS	DL72
0	0	0	0	9.906194597	0	0	8.915053252	90	PBS	DL72
0	8.589773277	0	0	0	0	9.506593727	0	90	PBS	DL72
0	0	0	0	7.520018125	0	0	6.528878603	90	PBS	DL72
0	0	0	0	0	0	11.26733756	0	90	PBS	DL72
0	9.818502343	0	0	0	10.40783578	10.49804833	8.491453713	90	PBS	DL72
0	0	0	0	14.09106555	0	0	13.09992419	90	PBS	DL72
0	0	0	9.42280808	0	0	0	8.692392686	90	PBS	DL72
0	11.27558792	12.5244427	9.321249547	0	0	0	8.590834157	90	PBS	DL72
0	0	0	0	0	0	7.32243099	0	90	PBS	DL72
0	0	0	0	6.880053973	0	0	5.888919227	90	PBS	DL72
7.885061969	0	10.38436549	0	0	0	0	0	90	PBS	DL72
0	9.696187915	11.36491302	0	0	0	0	0	90	PBS	DL72
0	10.59271056	9.603540905	0	0	0	13.21737616	0	90	PBS	DL72
8.087165487	0	9.879780141	8.988564898	0	11.23683603	10.19066119	9.617337294	90	PBS	DL72
0	8.416289848	0	0	0	0	9.618424635	0	90	PBS	DL72
0	0	0	0	10.1892282	0	0	9.198086848	90	PBS	DL72
0	0	2.504050698	0	0	0	0	0	90	PBS	DL72
0	0	0	0	0	7.067333188	0	5.150983926	90	PBS	DL72
0	0	10.44112738	0	0	0	0	0	90	PBS	DL72
0	11.20899064	0	0	0	0	0	0	90	PBS	DL72
12.22150687	11.68979496	10.88749964	0	0	0	12.38345362	0	90	PBS	DL72
0	0	0	0	8.31304843	0	0	7.321907445	90	PBS	DL72
0	0	0	11.73605558	0	0	0	11.00564016	90	PBS	DL72
0	3.489966912	0	0	13.08023879	0	0	12.08909743	90	PBS	DL72
0	0	0	7.605619609	0	0	12.06239958	6.875205012	90	PBS	DL72
0	8.891713515	0	0	0	0	10.88339369	0	90	PBS	DL72
0	0	0	9.644888776	0	9.870692845	0	9.238605942	90	PBS	DL72
0	0	0	0	7.763128949	0	0	6.771988718	90	PBS	DL72
0	12.65086128	13.62154416	11.02293186	0	14.27941796	11.95914184	12.48181418	90	PBS	DL72
14.27441289	9.94221107	0	0	0	0	0	0	90	PBS	DL72
8.028793493	0	0	0	0	11.48797867	0	9.571596569	90	PBS	DL72
0	0	0	0	8.393383569	0	0	7.402242529	90	PBS	DL72
0	9.630458896	10.63838882	0	0	0	0	0	90	PBS	DL72
0	0	0	9.938066161	0	0	0	9.207650752	90	PBS	DL72
0	0	0	0	0	0	7.814095843	0	90	PBS	DL72
0	11.51127703	0	9.690432783	0	0	0	8.960017379	90	PBS	DL72
11.73090459	0	0	0	0	0	0	0	90	PBS	DL72
0	0	0	0	0	9.992731682	0	8.076349673	90	PBS	DL72
0	0	0	0	0	3.666788526	0	1.778681322	90	PBS	DL72
0	10.187128	12.6437392	0	0	0	0	0	90	PBS	DL72
0	0	0	0	8.002288462	0	0	7.011147802	90	PBS	DL72
7.195064818	13.46094304	11.72778176	11.05699748	0	11.90301895	12.746512	10.86413296	90	PBS	DL72
0	0	0	2.204722801	5.843244753	0	0	4.8853043	90	PBS	DL72
0	9.357525606	0	0	0	0	0	0	90	PBS	DL72
0	0	0	8.958678052	0	0	0	8.22826269	90	PBS	DL72
9.768204459	8.999580535	9.612520557	0	0	0	9.681768467	0	90	PBS	DL72
9.421895133	0	9.580312984	0	0	0	0	0	90	PBS	DL72
0	10.91669002	0	0	0	0	11.65881444	0	90	PBS	DL72
0	0	0	0	8.799433273	0	0	7.808292054	90	PBS	DL72
0	0	0	11.79241081	0	0	0	11.06199539	90	PBS	DL72
0	0	0	0	0	0	10.5737665	0	90	PBS	DL72
0	0	8.77586613	0	0	0	9.980083463	0	90	PBS	DL72
0	0	2.504050698	0	0	0	0	0	90	PBS	DL72
0	0	0	0	9.886287617	0	0	8.895146272	90	PBS	DL72
0	10.64954922	0	9.34344919	6.96772897	0	0	8.682200897	90	PBS	DL72
0	0	0	10.1785378	0	0	0	9.448122385	90	PBS	DL72
0	0	10.62297567	0	0	0	0	0	90	PBS	DL72
0	0	0	0	6.507893796	0	0	5.516766361	90	PBS	DL72
0	0	0	0	11.54059373	0	0	10.54945237	90	PBS	DL72
0	0	0	0	5.588720468	0	0	4.597666637	90	PBS	DL72
0	0	8.994119688	0	0	0	0	0	90	PBS	DL72
0	0	0	0	7.041576098	0	0	6.050439526	90	PBS	DL72
0	0	8.450588062	13.75380822	0	8.992796935	0	13.02600312	90	PBS	DL72
0	0	0	0	5.929318032	0	0	4.938220966	90	PBS	DL72
0	0	0	0	8.264353325	0	0	7.273212378	90	PBS	DL72
0	0	0	0	2.0639937	0	0	1.160040979	90	PBS	DL72
0	0	10.70078557	13.1149716	0	0	0	12.38455619	90	PBS	DL72
0	0	0	0	6.460547897	0	0	5.469421844	90	PBS	DL72
9.363938252	12.7468188	10.84042255	0	0	0	11.688732	0	90	PBS	DL72
0	0	0	10.16115202	0	0	0	9.430736611	90	PBS	DL72
0	0	0	0	7.610350264	0	0	6.619210438	90	PBS	DL72
0	0	0	7.81288735	0	0	0	7.082472475	90	PBS	DL72
0	0	0	0	6.281857159	0	0	5.290737683	90	PBS	DL72
10.55583265	0	0	0	0	0	0	0	90	PBS	DL72
0	0	0	9.636540024	0	0	0	8.906124621	90	PBS	DL72